SX_A01: 688,632,74,45
SX_A02: 126,162,48,35
SX_A03: 636,647,48,35
SX_A04: 515,519,48,35
SX_A05: 280,851,32,38
SX_A06: 259,911,52,43
SX_A07: 884,561,48,35
SX_A09: 557,411,48,43
SX_A10: 579,872,69,35
SX_A11: 260,457,48,38
SX_A12: 273,541,54,37
SX_A13: 328,533,61,36
SX_A14: 178,162,48,35
SX_A15: 921,727,48,35
SX_A19: 425,12,57,35
SX_A20: 898,395,58,35
SX_A21: 848,394,48,35
SX_B01: 781,607,48,79
SX_B02: 27,116,130,41
SX_B03: 652,512,72,88
SX_B04: 389,532,117,35
SX_B05: 507,851,62,77
SX_B06: 517,807,112,35
SX_B07: 219,626,102,40
SX_B08: 681,414,111,35
SX_B10: 10,410,94,35
SX_B11: 892,432,60,79
SX_C01: 729,512,199,43
SX_C02: 418,455,157,43
SX_C03: 145,205,162,41
SX_C05: 486,10,169,38
SX_D01: 676,10,213,35
SX_S02: 561,648,48,35
SX_S03: 577,740,48,35
